        0.000000e+00        0.000000e+00
        1.000000e-02        9.527057e-05
        2.000000e-02        3.027841e-04
        3.000000e-02        6.170571e-04
        4.000000e-02        1.005944e-03
        5.000000e-02        1.466312e-03
        6.000000e-02        2.052911e-03
        6.999999e-02        2.693743e-03
        8.000000e-02        3.251065e-03
        9.000000e-02        4.220124e-03
        9.999999e-02        4.793368e-03
        1.100000e-01        5.837765e-03
        1.200000e-01        6.669685e-03
        1.300000e-01        7.517155e-03
        1.400000e-01        8.374639e-03
        1.500000e-01        9.173904e-03
        1.600000e-01        9.922359e-03
        1.700000e-01        1.081461e-02
        1.800000e-01        1.163970e-02
        1.900000e-01        1.235868e-02
        2.000000e-01        1.321748e-02
        2.100000e-01        1.408790e-02
        2.200000e-01        1.483633e-02
        2.300000e-01        1.557764e-02
        2.400000e-01        1.625722e-02
        2.500000e-01        1.694288e-02
        2.600000e-01        1.762371e-02
        2.700000e-01        1.828350e-02
        2.800000e-01        1.891624e-02
        2.900000e-01        1.953889e-02
        3.000000e-01        2.011479e-02
        3.100000e-01        2.069584e-02
        3.200000e-01        2.126145e-02
        3.300000e-01        2.182611e-02
        3.400000e-01        2.235927e-02
        3.500000e-01        2.285673e-02
        3.600000e-01        2.335874e-02
        3.700000e-01        2.385123e-02
        3.800000e-01        2.429742e-02
        3.900000e-01        2.478223e-02
        4.000000e-01        2.520671e-02
        4.100000e-01        2.564930e-02
        4.200000e-01        2.607194e-02
        4.300000e-01        2.648552e-02
        4.400000e-01        2.688763e-02
        4.500000e-01        2.726505e-02
        4.600000e-01        2.765370e-02
        4.700000e-01        2.804263e-02
        4.800000e-01        2.840983e-02
        4.900000e-01        2.875487e-02
        5.000000e-01        2.909415e-02
        5.100000e-01        2.941000e-02
        5.200000e-01        2.975044e-02
        5.300000e-01        3.005490e-02
        5.400000e-01        3.036355e-02
        5.500000e-01        3.066448e-02
        5.599999e-01        3.095843e-02
        5.700000e-01        3.124562e-02
        5.800000e-01        3.152626e-02
        5.900000e-01        3.180056e-02
        6.000000e-01        3.206871e-02
        6.100000e-01        3.233089e-02
        6.199999e-01        3.258723e-02
        6.300000e-01        3.282062e-02
        6.400000e-01        3.308419e-02
        6.500000e-01        3.330921e-02
        6.600000e-01        3.354068e-02
        6.700000e-01        3.377120e-02
        6.799999e-01        3.399801e-02
        6.900000e-01        3.422051e-02
        7.000000e-01        3.443854e-02
        7.100000e-01        3.465215e-02
        7.200000e-01        3.486148e-02
        7.300000e-01        3.505630e-02
        7.399999e-01        3.526504e-02
        7.500000e-01        3.545454e-02
        7.600000e-01        3.565599e-02
        7.700000e-01        3.583879e-02
        7.800000e-01        3.604024e-02
        7.900000e-01        3.620896e-02
        8.000000e-01        3.638630e-02
        8.099999e-01        3.656230e-02
        8.200000e-01        3.673578e-02
        8.300000e-01        3.690642e-02
        8.400000e-01        3.707417e-02
        8.500000e-01        3.723907e-02
        8.600000e-01        3.740116e-02
        8.699999e-01        3.756052e-02
        8.800000e-01        3.771724e-02
        8.900000e-01        3.787137e-02
        9.000000e-01        3.802300e-02
        9.100000e-01        3.817219e-02
        9.200000e-01        3.831900e-02
        9.299999e-01        3.846351e-02
        9.400000e-01        3.860576e-02
        9.500000e-01        3.874583e-02
        9.600000e-01        3.888376e-02
        9.700000e-01        3.901961e-02
        9.800000e-01        3.915344e-02
        9.899999e-01        3.928529e-02
        1.000000e+00        3.942356e-02
