        0.000000e+00        0.000000e+00
        1.000000e-02        7.440075e-04
        2.000000e-02        1.502149e-03
        3.000000e-02        2.274998e-03
        4.000000e-02        3.062703e-03
        5.000000e-02        3.865711e-03
        6.000000e-02        4.684396e-03
        6.999999e-02        5.519159e-03
        8.000000e-02        6.370388e-03
        9.000000e-02        7.238485e-03
        9.999999e-02        8.123852e-03
        1.100000e-01        9.026907e-03
        1.200000e-01        9.948082e-03
        1.300000e-01        1.088779e-02
        1.400000e-01        1.184646e-02
        1.500000e-01        1.282464e-02
        1.600000e-01        1.382145e-02
        1.700000e-01        1.484094e-02
        1.800000e-01        1.588161e-02
        1.900000e-01        1.694016e-02
        2.000000e-01        1.802165e-02
        2.100000e-01        1.912703e-02
        2.200000e-01        2.025221e-02
        2.300000e-01        2.140298e-02
        2.400000e-01        2.257454e-02
        2.500000e-01        2.377356e-02
        2.600000e-01        2.499453e-02
        2.700000e-01        2.624174e-02
        2.800000e-01        2.751287e-02
        2.900000e-01        2.881036e-02
        3.000000e-01        3.013446e-02
        3.100000e-01        3.148509e-02
        3.200000e-01        3.286315e-02
        3.300000e-01        3.426848e-02
        3.400000e-01        3.570285e-02
        3.500000e-01        3.716420e-02
        3.600000e-01        3.865512e-02
        3.700000e-01        4.017467e-02
        3.800000e-01        4.172508e-02
        3.900000e-01        4.330567e-02
        4.000000e-01        4.491552e-02
        4.100000e-01        4.655977e-02
        4.200000e-01        4.823516e-02
        4.300000e-01        4.993819e-02
        4.400000e-01        5.167574e-02
        4.500000e-01        5.344596e-02
        4.600000e-01        5.524906e-02
        4.700000e-01        5.708542e-02
        4.800000e-01        5.895539e-02
        4.900000e-01        6.085949e-02
        5.000000e-01        6.279773e-02
        5.100000e-01        6.477059e-02
