        0.000000e+00        0.000000e+00
        1.000000e-02       -7.945858e-04
        2.000000e-02       -1.600642e-03
        3.000000e-02       -2.416607e-03
        4.000000e-02       -3.241755e-03
        5.000000e-02       -4.074838e-03
        6.000000e-02       -4.917178e-03
        6.999999e-02       -5.767178e-03
        8.000000e-02       -6.560002e-03
        9.000000e-02       -7.486176e-03
        9.999999e-02       -8.353181e-03
        1.100000e-01       -9.226993e-03
        1.200000e-01       -1.010278e-02
        1.300000e-01       -1.096224e-02
        1.400000e-01       -1.184537e-02
        1.500000e-01       -1.270580e-02
        1.600000e-01       -1.354227e-02
        1.700000e-01       -1.452268e-02
        1.800000e-01       -1.539071e-02
        1.900000e-01       -1.632214e-02
        2.000000e-01       -1.718045e-02
        2.100000e-01       -1.803605e-02
        2.200000e-01       -1.895962e-02
        2.300000e-01       -1.981658e-02
        2.400000e-01       -2.067281e-02
        2.500000e-01       -2.155958e-02
        2.600000e-01       -2.241208e-02
        2.700000e-01       -2.328575e-02
        2.800000e-01       -2.416737e-02
        2.900000e-01       -2.503794e-02
        3.000000e-01       -2.573223e-02
        3.100000e-01       -2.667200e-02
        3.200000e-01       -2.756953e-02
        3.300000e-01       -2.832302e-02
        3.400000e-01       -2.922701e-02
        3.500000e-01       -2.997684e-02
        3.600000e-01       -3.086202e-02
        3.700000e-01       -3.160373e-02
        3.800000e-01       -3.236233e-02
        3.900000e-01       -3.325188e-02
        4.000000e-01       -3.397641e-02
        4.100000e-01       -3.472160e-02
        4.200000e-01       -3.548155e-02
        4.300000e-01       -3.624156e-02
        4.400000e-01       -3.699673e-02
        4.500000e-01       -3.775563e-02
        4.600000e-01       -3.849745e-02
        4.700000e-01       -3.922294e-02
        4.800000e-01       -3.994526e-02
        4.900000e-01       -4.066006e-02
        5.000000e-01       -4.136606e-02
        5.100000e-01       -4.206276e-02
        5.200000e-01       -4.275011e-02
        5.300000e-01       -4.344588e-02
        5.400000e-01       -4.411552e-02
        5.500000e-01       -4.477458e-02
        5.599999e-01       -4.542325e-02
        5.700000e-01       -4.606261e-02
        5.800000e-01       -4.669384e-02
        5.900000e-01       -4.731699e-02
        6.000000e-01       -4.793225e-02
        6.100000e-01       -4.853971e-02
        6.199999e-01       -4.913944e-02
        6.300000e-01       -4.973025e-02
        6.400000e-01       -5.031525e-02
        6.500000e-01       -5.089254e-02
        6.600000e-01       -5.146218e-02
        6.700000e-01       -5.202425e-02
        6.799999e-01       -5.257884e-02
        6.900000e-01       -5.312603e-02
        7.000000e-01       -5.366592e-02
        7.100000e-01       -5.419860e-02
        7.200000e-01       -5.472416e-02
        7.300000e-01       -5.524272e-02
        7.399999e-01       -5.575436e-02
        7.500000e-01       -5.625918e-02
        7.600000e-01       -5.675729e-02
        7.700000e-01       -5.724878e-02
        7.800000e-01       -5.773376e-02
        7.900000e-01       -5.821232e-02
        8.000000e-01       -5.864541e-02
        8.099999e-01       -5.914863e-02
        8.200000e-01       -5.957351e-02
        8.300000e-01       -6.006205e-02
        8.400000e-01       -6.045698e-02
        8.500000e-01       -6.095117e-02
        8.600000e-01       -6.133757e-02
        8.699999e-01       -6.181806e-02
        8.800000e-01       -6.219530e-02
        8.900000e-01       -6.265163e-02
        9.000000e-01       -6.302864e-02
        9.100000e-01       -6.344258e-02
        9.200000e-01       -6.386598e-02
        9.299999e-01       -6.429321e-02
        9.400000e-01       -6.466480e-02
        9.500000e-01       -6.501910e-02
        9.600000e-01       -6.542723e-02
        9.700000e-01       -6.581020e-02
        9.800000e-01       -6.618240e-02
        9.899999e-01       -6.654970e-02
        1.000000e+00       -6.691238e-02
