        0.000000e+00        0.000000e+00
        1.000000e-02        7.583499e-04
        2.000000e-02        1.510210e-03
        3.000000e-02        2.254054e-03
        4.000000e-02        2.989210e-03
        5.000000e-02        3.714606e-03
        6.000000e-02        4.431434e-03
        6.999999e-02        5.138353e-03
        8.000000e-02        5.783588e-03
        9.000000e-02        6.519549e-03
        9.999999e-02        7.192664e-03
        1.100000e-01        7.855624e-03
        1.200000e-01        8.504912e-03
        1.300000e-01        9.128042e-03
        1.400000e-01        9.753719e-03
        1.500000e-01        1.034973e-02
        1.600000e-01        1.091657e-02
        1.700000e-01        1.156484e-02
        1.800000e-01        1.212586e-02
        1.900000e-01        1.271347e-02
        2.000000e-01        1.324277e-02
        2.100000e-01        1.375881e-02
        2.200000e-01        1.430249e-02
        2.300000e-01        1.479571e-02
        2.400000e-01        1.527769e-02
        2.500000e-01        1.576516e-02
        2.600000e-01        1.622307e-02
        2.700000e-01        1.668170e-02
        2.800000e-01        1.713366e-02
        2.900000e-01        1.756921e-02
        3.000000e-01        1.790974e-02
        3.100000e-01        1.836000e-02
        3.200000e-01        1.877822e-02
        3.300000e-01        1.912274e-02
        3.400000e-01        1.952454e-02
        3.500000e-01        1.985152e-02
        3.600000e-01        2.022679e-02
        3.700000e-01        2.053493e-02
        3.800000e-01        2.084284e-02
        3.900000e-01        2.119368e-02
        4.000000e-01        2.147410e-02
        4.100000e-01        2.175497e-02
        4.200000e-01        2.203479e-02
        4.300000e-01        2.230784e-02
        4.400000e-01        2.257250e-02
        4.500000e-01        2.283230e-02
        4.600000e-01        2.307946e-02
        4.700000e-01        2.331506e-02
        4.800000e-01        2.354392e-02
        4.900000e-01        2.376466e-02
        5.000000e-01        2.397712e-02
        5.100000e-01        2.418142e-02
        5.200000e-01        2.437777e-02
        5.300000e-01        2.457043e-02
        5.400000e-01        2.475301e-02
        5.500000e-01        2.492685e-02
        5.599999e-01        2.509329e-02
        5.700000e-01        2.525298e-02
        5.800000e-01        2.540637e-02
        5.900000e-01        2.555370e-02
        6.000000e-01        2.569515e-02
        6.100000e-01        2.583095e-02
        6.199999e-01        2.596123e-02
        6.300000e-01        2.608579e-02
        6.400000e-01        2.620573e-02
        6.500000e-01        2.632061e-02
        6.600000e-01        2.643063e-02
        6.700000e-01        2.653591e-02
        6.799999e-01        2.663662e-02
        6.900000e-01        2.673291e-02
        7.000000e-01        2.682493e-02
        7.100000e-01        2.691280e-02
        7.200000e-01        2.699668e-02
        7.300000e-01        2.707670e-02
        7.399999e-01        2.715299e-02
        7.500000e-01        2.722567e-02
        7.600000e-01        2.729485e-02
        7.700000e-01        2.736066e-02
        7.800000e-01        2.742323e-02
        7.900000e-01        2.748262e-02
        8.000000e-01        2.753531e-02
        8.099999e-01        2.759231e-02
        8.200000e-01        2.763987e-02
        8.300000e-01        2.769072e-02
        8.400000e-01        2.773239e-02
        8.500000e-01        2.777863e-02
        8.600000e-01        2.781583e-02
        8.699999e-01        2.785658e-02
        8.800000e-01        2.788953e-02
        8.900000e-01        2.792319e-02
        9.000000e-01        2.795380e-02
        9.100000e-01        2.798300e-02
        9.200000e-01        2.801225e-02
        9.299999e-01        2.803863e-02
        9.400000e-01        2.805904e-02
        9.500000e-01        2.807987e-02
        9.600000e-01        2.810124e-02
        9.700000e-01        2.811771e-02
        9.800000e-01        2.813350e-02
        9.899999e-01        2.814791e-02
        1.000000e+00        2.816085e-02
