        0.000000e+00        0.000000e+00
        1.000000e-02       -2.210413e-16
        2.000000e-02       -1.232742e-15
        3.000000e-02       -2.537201e-15
        4.000000e-02       -1.447583e-15
        5.000000e-02       -1.331783e-15
        6.000000e-02       -4.289549e-15
        6.999999e-02       -5.679761e-15
        8.000000e-02        2.374199e-14
        9.000000e-02        1.567897e-14
        9.999999e-02       -5.916717e-15
        1.100000e-01       -5.672859e-15
        1.200000e-01       -8.181359e-15
        1.300000e-01        1.455252e-14
        1.400000e-01        1.598143e-14
        1.500000e-01       -2.638086e-14
        1.600000e-01       -4.480749e-14
        1.700000e-01       -8.341476e-15
        1.800000e-01       -2.297142e-14
        1.900000e-01        1.932068e-13
        2.000000e-01        1.523968e-14
        2.100000e-01       -5.889449e-14
        2.200000e-01       -4.782517e-14
        2.300000e-01       -2.728714e-14
        2.400000e-01       -2.194502e-14
        2.500000e-01        8.889451e-14
        2.600000e-01       -2.576714e-14
        2.700000e-01       -4.467085e-14
        2.800000e-01        3.429306e-14
        2.900000e-01       -3.545136e-14
        3.000000e-01       -1.965105e-13
        3.100000e-01        3.581745e-14
        3.200000e-01       -1.189418e-14
        3.300000e-01       -9.449709e-15
        3.400000e-01       -1.486511e-14
        3.500000e-01        6.742372e-15
        3.600000e-01       -1.914146e-14
        3.700000e-01        1.728567e-14
        3.800000e-01        5.559299e-14
        3.900000e-01       -1.778260e-14
        4.000000e-01        3.699890e-14
        4.100000e-01        2.066993e-15
        4.200000e-01       -2.521284e-14
        4.300000e-01       -6.071189e-14
        4.400000e-01        1.972249e-14
        4.500000e-01        9.016677e-14
        4.600000e-01       -4.619639e-14
        4.700000e-01       -9.156400e-14
        4.800000e-01        9.137510e-16
        4.900000e-01        7.602248e-14
        5.000000e-01        2.164616e-14
        5.100000e-01        1.333482e-14
        5.200000e-01       -1.152064e-13
        5.300000e-01       -1.287012e-14
        5.400000e-01       -3.490625e-14
        5.500000e-01       -9.932554e-14
        5.599999e-01       -2.048437e-15
        5.700000e-01       -1.905927e-15
        5.800000e-01       -4.943749e-14
        5.900000e-01       -2.421546e-14
        6.000000e-01       -6.429786e-14
        6.100000e-01        1.307882e-14
        6.199999e-01        2.493759e-14
        6.300000e-01       -1.982363e-14
        6.400000e-01       -1.743230e-14
        6.500000e-01       -1.616309e-14
        6.600000e-01        6.548090e-14
        6.700000e-01        7.930210e-15
        6.799999e-01       -5.572462e-14
        6.900000e-01       -3.418064e-14
        7.000000e-01        3.493304e-15
        7.100000e-01       -3.908919e-14
        7.200000e-01        9.878839e-15
        7.300000e-01       -4.302618e-15
        7.399999e-01       -1.615670e-14
        7.500000e-01       -2.850514e-14
        7.600000e-01       -1.588279e-14
        7.700000e-01        1.670817e-14
        7.800000e-01       -2.521090e-14
        7.900000e-01       -7.503898e-14
        8.000000e-01       -4.099859e-14
        8.099999e-01       -2.267451e-14
        8.200000e-01       -6.149847e-14
        8.300000e-01       -6.086292e-14
        8.400000e-01       -7.629144e-15
        8.500000e-01       -3.032894e-14
        8.600000e-01        8.050130e-14
        8.699999e-01       -4.273213e-14
        8.800000e-01       -2.225468e-14
        8.900000e-01       -2.544316e-14
        9.000000e-01        8.492813e-15
        9.100000e-01       -7.731957e-14
        9.200000e-01       -1.788535e-14
        9.299999e-01       -1.009356e-15
        9.400000e-01        1.429770e-14
        9.500000e-01        4.785596e-14
        9.600000e-01        1.449895e-14
        9.700000e-01        2.754214e-14
        9.800000e-01       -3.376158e-14
        9.899999e-01       -4.225231e-15
        1.000000e+00       -5.329080e-14
