        0.000000e+00        0.000000e+00
        1.000000e-02       -1.446761e-03
        2.000000e-02       -2.840839e-03
        3.000000e-02       -4.184738e-03
        4.000000e-02       -5.480990e-03
        5.000000e-02       -6.731912e-03
        6.000000e-02       -7.939741e-03
        6.999999e-02       -9.106591e-03
        8.000000e-02       -1.023448e-02
        9.000000e-02       -1.132529e-02
        9.999999e-02       -1.238085e-02
        1.100000e-01       -1.340283e-02
        1.200000e-01       -1.439288e-02
        1.300000e-01       -1.535251e-02
        1.400000e-01       -1.628316e-02
        1.500000e-01       -1.718620e-02
        1.600000e-01       -1.806293e-02
        1.700000e-01       -1.891455e-02
        1.800000e-01       -1.974226e-02
        1.900000e-01       -2.054727e-02
        2.000000e-01       -2.133144e-02
