        0.000000e+00        0.000000e+00
        1.000000e-02        2.651662e-05
        2.000000e-02        5.982071e-05
        3.000000e-02        9.936094e-05
        4.000000e-02        1.423508e-04
        5.000000e-02        1.889318e-04
        6.000000e-02        2.454594e-04
        6.999999e-02        3.014579e-04
        8.000000e-02        3.486574e-04
        9.000000e-02        4.244596e-04
        9.999999e-02        4.758611e-04
        1.100000e-01        5.631372e-04
        1.200000e-01        6.186292e-04
        1.300000e-01        6.953478e-04
        1.400000e-01        7.625148e-04
        1.500000e-01        8.230060e-04
        1.600000e-01        8.798987e-04
        1.700000e-01        9.486154e-04
        1.800000e-01        1.011804e-03
        1.900000e-01        1.066521e-03
        2.000000e-01        1.131564e-03
        2.100000e-01        1.198679e-03
        2.200000e-01        1.255862e-03
        2.300000e-01        1.312032e-03
        2.400000e-01        1.362003e-03
        2.500000e-01        1.413584e-03
        2.600000e-01        1.465380e-03
        2.700000e-01        1.515366e-03
        2.800000e-01        1.564763e-03
        2.900000e-01        1.611918e-03
        3.000000e-01        1.653709e-03
        3.100000e-01        1.697950e-03
        3.200000e-01        1.740433e-03
        3.300000e-01        1.783125e-03
        3.400000e-01        1.824386e-03
        3.500000e-01        1.862004e-03
        3.600000e-01        1.902275e-03
        3.700000e-01        1.938894e-03
        3.800000e-01        1.971483e-03
        3.900000e-01        2.009787e-03
        4.000000e-01        2.040602e-03
        4.100000e-01        2.073854e-03
        4.200000e-01        2.105556e-03
        4.300000e-01        2.137326e-03
        4.400000e-01        2.168290e-03
        4.500000e-01        2.197251e-03
        4.600000e-01        2.225786e-03
        4.700000e-01        2.256438e-03
        4.800000e-01        2.283648e-03
        4.900000e-01        2.310663e-03
        5.000000e-01        2.336793e-03
        5.100000e-01        2.362683e-03
        5.200000e-01        2.386935e-03
        5.300000e-01        2.411366e-03
        5.400000e-01        2.434880e-03
        5.500000e-01        2.457947e-03
        5.599999e-01        2.480447e-03
        5.700000e-01        2.502419e-03
        5.800000e-01        2.523869e-03
        5.900000e-01        2.544798e-03
        6.000000e-01        2.565227e-03
        6.100000e-01        2.585165e-03
        6.199999e-01        2.604611e-03
        6.300000e-01        2.620623e-03
        6.400000e-01        2.642445e-03
        6.500000e-01        2.657861e-03
        6.600000e-01        2.674960e-03
        6.700000e-01        2.692319e-03
        6.799999e-01        2.709553e-03
        6.900000e-01        2.726488e-03
        7.000000e-01        2.743073e-03
        7.100000e-01        2.759308e-03
        7.200000e-01        2.775192e-03
        7.300000e-01        2.788596e-03
        7.399999e-01        2.805330e-03
        7.500000e-01        2.818592e-03
        7.600000e-01        2.834834e-03
        7.700000e-01        2.847619e-03
        7.800000e-01        2.862282e-03
        7.900000e-01        2.875291e-03
        8.000000e-01        2.888367e-03
        8.099999e-01        2.901450e-03
        8.200000e-01        2.914406e-03
        8.300000e-01        2.927169e-03
        8.400000e-01        2.939701e-03
        8.500000e-01        2.952002e-03
        8.600000e-01        2.964079e-03
        8.699999e-01        2.975926e-03
        8.800000e-01        2.987556e-03
        8.900000e-01        2.998978e-03
        9.000000e-01        3.010184e-03
        9.100000e-01        3.021188e-03
        9.200000e-01        3.031999e-03
        9.299999e-01        3.042616e-03
        9.400000e-01        3.053047e-03
        9.500000e-01        3.063299e-03
        9.600000e-01        3.073372e-03
        9.700000e-01        3.083274e-03
        9.800000e-01        3.093012e-03
        9.899999e-01        3.102586e-03
        1.000000e+00        3.110945e-03
