        0.000000e+00        0.000000e+00
        1.000000e-02       -1.871586e-05
        2.000000e-02       -1.498610e-04
        3.000000e-02       -3.881715e-04
        4.000000e-02       -7.034168e-04
        5.000000e-02       -1.091655e-03
        6.000000e-02       -1.600813e-03
        6.999999e-02       -2.170503e-03
        8.000000e-02       -2.666406e-03
        9.000000e-02       -3.560189e-03
        9.999999e-02       -4.066158e-03
        1.100000e-01       -5.022831e-03
        1.200000e-01       -5.805399e-03
        1.300000e-01       -6.564841e-03
        1.400000e-01       -7.353082e-03
        1.500000e-01       -8.089643e-03
        1.600000e-01       -8.777346e-03
        1.700000e-01       -9.601332e-03
        1.800000e-01       -1.036127e-02
        1.900000e-01       -1.102098e-02
        2.000000e-01       -1.181368e-02
        2.100000e-01       -1.261583e-02
        2.200000e-01       -1.330246e-02
        2.300000e-01       -1.398223e-02
        2.400000e-01       -1.460462e-02
        2.500000e-01       -1.523186e-02
        2.600000e-01       -1.585359e-02
        2.700000e-01       -1.645516e-02
        2.800000e-01       -1.703004e-02
        2.900000e-01       -1.759567e-02
        3.000000e-01       -1.811828e-02
        3.100000e-01       -1.864393e-02
        3.200000e-01       -1.915503e-02
        3.300000e-01       -1.966432e-02
        3.400000e-01       -2.014301e-02
        3.500000e-01       -2.058886e-02
        3.600000e-01       -2.103565e-02
        3.700000e-01       -2.147768e-02
        3.800000e-01       -2.187470e-02
        3.900000e-01       -2.230591e-02
        4.000000e-01       -2.268198e-02
        4.100000e-01       -2.307398e-02
        4.200000e-01       -2.344725e-02
        4.300000e-01       -2.381087e-02
        4.400000e-01       -2.416335e-02
        4.500000e-01       -2.449295e-02
        4.600000e-01       -2.483364e-02
        4.700000e-01       -2.517150e-02
        4.800000e-01       -2.549126e-02
        4.900000e-01       -2.578869e-02
        5.000000e-01       -2.608089e-02
        5.100000e-01       -2.635095e-02
        5.200000e-01       -2.664417e-02
        5.300000e-01       -2.690119e-02
        5.400000e-01       -2.716420e-02
        5.500000e-01       -2.741947e-02
        5.599999e-01       -2.766819e-02
        5.700000e-01       -2.791043e-02
        5.800000e-01       -2.814642e-02
        5.900000e-01       -2.837636e-02
        6.000000e-01       -2.860049e-02
        6.100000e-01       -2.881900e-02
        6.199999e-01       -2.903207e-02
        6.300000e-01       -2.922726e-02
        6.400000e-01       -2.944176e-02
        6.500000e-01       -2.962928e-02
        6.600000e-01       -2.981931e-02
        6.700000e-01       -3.000754e-02
        6.799999e-01       -3.019189e-02
        6.900000e-01       -3.037200e-02
        7.000000e-01       -3.054783e-02
        7.100000e-01       -3.071946e-02
        7.200000e-01       -3.088700e-02
        7.300000e-01       -3.104515e-02
        7.399999e-01       -3.120879e-02
        7.500000e-01       -3.136119e-02
        7.600000e-01       -3.151760e-02
        7.700000e-01       -3.166352e-02
        7.800000e-01       -3.182276e-02
        7.900000e-01       -3.195298e-02
        8.000000e-01       -3.209099e-02
        8.099999e-01       -3.222720e-02
        8.200000e-01       -3.236078e-02
        8.300000e-01       -3.249157e-02
        8.400000e-01       -3.261958e-02
        8.500000e-01       -3.274487e-02
        8.600000e-01       -3.286750e-02
        8.699999e-01       -3.298755e-02
        8.800000e-01       -3.310509e-02
        8.900000e-01       -3.322019e-02
        9.000000e-01       -3.333292e-02
        9.100000e-01       -3.344334e-02
        9.200000e-01       -3.355151e-02
        9.299999e-01       -3.365749e-02
        9.400000e-01       -3.376135e-02
        9.500000e-01       -3.386313e-02
        9.600000e-01       -3.396290e-02
        9.700000e-01       -3.406069e-02
        9.800000e-01       -3.415656e-02
        9.899999e-01       -3.425056e-02
        1.000000e+00       -3.435523e-02
