        0.000000e+00        0.000000e+00
        1.000000e-02       -7.588342e-04
        2.000000e-02       -1.524158e-03
        3.000000e-02       -2.294391e-03
        4.000000e-02       -3.068738e-03
        5.000000e-02       -3.845960e-03
        6.000000e-02       -4.627220e-03
        6.999999e-02       -5.410962e-03
        8.000000e-02       -6.137647e-03
        9.000000e-02       -6.982058e-03
        9.999999e-02       -7.767566e-03
        1.100000e-01       -8.554578e-03
        1.200000e-01       -9.338908e-03
        1.300000e-01       -1.010402e-02
        1.400000e-01       -1.088594e-02
        1.500000e-01       -1.164345e-02
        1.600000e-01       -1.237587e-02
        1.700000e-01       -1.322974e-02
        1.800000e-01       -1.398090e-02
        1.900000e-01       -1.478282e-02
        2.000000e-01       -1.551739e-02
        2.100000e-01       -1.624594e-02
        2.200000e-01       -1.702847e-02
        2.300000e-01       -1.775053e-02
        2.400000e-01       -1.846796e-02
        2.500000e-01       -1.920750e-02
        2.600000e-01       -1.991493e-02
        2.700000e-01       -2.063613e-02
        2.800000e-01       -2.136015e-02
        2.900000e-01       -2.207190e-02
        3.000000e-01       -2.263709e-02
        3.100000e-01       -2.339771e-02
        3.200000e-01       -2.412187e-02
        3.300000e-01       -2.472559e-02
        3.400000e-01       -2.544840e-02
        3.500000e-01       -2.604377e-02
        3.600000e-01       -2.674499e-02
        3.700000e-01       -2.732914e-02
        3.800000e-01       -2.792446e-02
        3.900000e-01       -2.862047e-02
        4.000000e-01       -2.918353e-02
        4.100000e-01       -2.976170e-02
        4.200000e-01       -3.034876e-02
        4.300000e-01       -3.093362e-02
        4.400000e-01       -3.151254e-02
        4.500000e-01       -3.209146e-02
        4.600000e-01       -3.265590e-02
        4.700000e-01       -3.320617e-02
        4.800000e-01       -3.375186e-02
        4.900000e-01       -3.428999e-02
        5.000000e-01       -3.481969e-02
        5.100000e-01       -3.534069e-02
        5.200000e-01       -3.585302e-02
        5.300000e-01       -3.637113e-02
        5.400000e-01       -3.686512e-02
        5.500000e-01       -3.735164e-02
        5.599999e-01       -3.782922e-02
        5.700000e-01       -3.829858e-02
        5.800000e-01       -3.876065e-02
        5.900000e-01       -3.921550e-02
        6.000000e-01       -3.966334e-02
        6.100000e-01       -4.010431e-02
        6.199999e-01       -4.053852e-02
        6.300000e-01       -4.096539e-02
        6.400000e-01       -4.138670e-02
        6.500000e-01       -4.180142e-02
        6.600000e-01       -4.220965e-02
        6.700000e-01       -4.261148e-02
        6.799999e-01       -4.300704e-02
        6.900000e-01       -4.339642e-02
        7.000000e-01       -4.377975e-02
        7.100000e-01       -4.415712e-02
        7.200000e-01       -4.452866e-02
        7.300000e-01       -4.489446e-02
        7.399999e-01       -4.525464e-02
        7.500000e-01       -4.560930e-02
        7.600000e-01       -4.595855e-02
        7.700000e-01       -4.630250e-02
        7.800000e-01       -4.664125e-02
        7.900000e-01       -4.697490e-02
        8.000000e-01       -4.727525e-02
        8.099999e-01       -4.762579e-02
        8.200000e-01       -4.791960e-02
        8.300000e-01       -4.825871e-02
        8.400000e-01       -4.852919e-02
        8.500000e-01       -4.887250e-02
        8.600000e-01       -4.913653e-02
        8.699999e-01       -4.946924e-02
        8.800000e-01       -4.972637e-02
        8.900000e-01       -5.004393e-02
        9.000000e-01       -5.029821e-02
        9.100000e-01       -5.058201e-02
        9.200000e-01       -5.086956e-02
        9.299999e-01       -5.116155e-02
        9.400000e-01       -5.141714e-02
        9.500000e-01       -5.165616e-02
        9.600000e-01       -5.193267e-02
        9.700000e-01       -5.219532e-02
        9.800000e-01       -5.244818e-02
        9.899999e-01       -5.269716e-02
        1.000000e+00       -5.294265e-02
