        0.000000e+00        0.000000e+00
        1.000000e-02       -7.830821e-04
        2.000000e-02       -1.554605e-03
        3.000000e-02       -2.313130e-03
        4.000000e-02       -3.058117e-03
        5.000000e-02       -3.788650e-03
        6.000000e-02       -4.506078e-03
        6.999999e-02       -5.209237e-03
        8.000000e-02       -5.846970e-03
        9.000000e-02       -6.570596e-03
        9.999999e-02       -7.227901e-03
        1.100000e-01       -7.871442e-03
        1.200000e-01       -8.498017e-03
        1.300000e-01       -9.095661e-03
        1.400000e-01       -9.692430e-03
        1.500000e-01       -1.025755e-02
        1.600000e-01       -1.079196e-02
        1.700000e-01       -1.140029e-02
        1.800000e-01       -1.192304e-02
        1.900000e-01       -1.246791e-02
        2.000000e-01       -1.295578e-02
        2.100000e-01       -1.342884e-02
        2.200000e-01       -1.392508e-02
        2.300000e-01       -1.437248e-02
        2.400000e-01       -1.480735e-02
        2.500000e-01       -1.524521e-02
        2.600000e-01       -1.565440e-02
        2.700000e-01       -1.606222e-02
        2.800000e-01       -1.646221e-02
        2.900000e-01       -1.684584e-02
        3.000000e-01       -1.714364e-02
        3.100000e-01       -1.753688e-02
        3.200000e-01       -1.790062e-02
        3.300000e-01       -1.819777e-02
        3.400000e-01       -1.854427e-02
        3.500000e-01       -1.882380e-02
        3.600000e-01       -1.914456e-02
        3.700000e-01       -1.940580e-02
        3.800000e-01       -1.966603e-02
        3.900000e-01       -1.996247e-02
        4.000000e-01       -2.019715e-02
        4.100000e-01       -2.043181e-02
        4.200000e-01       -2.066476e-02
        4.300000e-01       -2.089125e-02
        4.400000e-01       -2.110998e-02
        4.500000e-01       -2.132381e-02
        4.600000e-01       -2.152656e-02
        4.700000e-01       -2.171908e-02
        4.800000e-01       -2.190541e-02
        4.900000e-01       -2.208450e-02
        5.000000e-01       -2.225624e-02
        5.100000e-01       -2.242079e-02
        5.200000e-01       -2.257838e-02
        5.300000e-01       -2.273281e-02
        5.400000e-01       -2.287802e-02
        5.500000e-01       -2.301604e-02
        5.599999e-01       -2.314775e-02
        5.700000e-01       -2.327366e-02
        5.800000e-01       -2.339421e-02
        5.900000e-01       -2.350958e-02
        6.000000e-01       -2.361997e-02
        6.100000e-01       -2.372557e-02
        6.199999e-01       -2.382654e-02
        6.300000e-01       -2.392274e-02
        6.400000e-01       -2.401503e-02
        6.500000e-01       -2.410313e-02
        6.600000e-01       -2.418718e-02
        6.700000e-01       -2.426731e-02
        6.799999e-01       -2.434367e-02
        6.900000e-01       -2.441639e-02
        7.000000e-01       -2.448562e-02
        7.100000e-01       -2.455146e-02
        7.200000e-01       -2.461404e-02
        7.300000e-01       -2.467348e-02
        7.399999e-01       -2.472989e-02
        7.500000e-01       -2.478339e-02
        7.600000e-01       -2.483407e-02
        7.700000e-01       -2.488203e-02
        7.800000e-01       -2.492738e-02
        7.900000e-01       -2.497020e-02
        8.000000e-01       -2.500757e-02
        8.099999e-01       -2.504853e-02
        8.200000e-01       -2.508184e-02
        8.300000e-01       -2.511790e-02
        8.400000e-01       -2.514678e-02
        8.500000e-01       -2.517891e-02
        8.600000e-01       -2.520426e-02
        8.699999e-01       -2.523207e-02
        8.800000e-01       -2.525408e-02
        8.900000e-01       -2.527560e-02
        9.000000e-01       -2.529645e-02
        9.100000e-01       -2.531506e-02
        9.200000e-01       -2.533428e-02
        9.299999e-01       -2.535087e-02
        9.400000e-01       -2.536266e-02
        9.500000e-01       -2.537531e-02
        9.600000e-01       -2.538807e-02
        9.700000e-01       -2.539664e-02
        9.800000e-01       -2.540508e-02
        9.899999e-01       -2.541242e-02
        1.000000e+00       -2.541860e-02
