        0.000000e+00        0.000000e+00
        1.000000e-02        2.424965e-03
        2.000000e-02        4.828328e-03
        3.000000e-02        7.185976e-03
        4.000000e-02        9.356596e-03
        5.000000e-02        1.142403e-02
        6.000000e-02        1.361758e-02
        6.999999e-02        1.566631e-02
        8.000000e-02        1.723787e-02
        9.000000e-02        1.966726e-02
        9.999999e-02        2.094019e-02
        1.100000e-01        2.306743e-02
        1.200000e-01        2.461878e-02
        1.300000e-01        2.605805e-02
        1.400000e-01        2.742586e-02
        1.500000e-01        2.862398e-02
        1.600000e-01        2.968492e-02
        1.700000e-01        3.088078e-02
        1.800000e-01        3.192712e-02
        1.900000e-01        3.279730e-02
        2.000000e-01        3.378956e-02
        2.100000e-01        3.474573e-02
        2.200000e-01        3.553350e-02
        2.300000e-01        3.628310e-02
        2.400000e-01        3.694650e-02
        2.500000e-01        3.759261e-02
        2.600000e-01        3.821230e-02
        2.700000e-01        3.879349e-02
        2.800000e-01        3.933392e-02
        2.900000e-01        3.984976e-02
        3.000000e-01        4.031441e-02
        3.100000e-01        4.077018e-02
        3.200000e-01        4.120233e-02
        3.300000e-01        4.162258e-02
        3.400000e-01        4.200945e-02
        3.500000e-01        4.236257e-02
        3.600000e-01        4.271053e-02
        3.700000e-01        4.304489e-02
        3.800000e-01        4.334200e-02
        3.900000e-01        4.365719e-02
        4.000000e-01        4.392854e-02
        4.100000e-01        4.420580e-02
        4.200000e-01        4.446558e-02
        4.300000e-01        4.471515e-02
        4.400000e-01        4.495358e-02
        4.500000e-01        4.517376e-02
        4.600000e-01        4.539672e-02
        4.700000e-01        4.561609e-02
        4.800000e-01        4.581995e-02
        4.900000e-01        4.600875e-02
        5.000000e-01        4.619176e-02
        5.100000e-01        4.636032e-02
        5.200000e-01        4.653853e-02
        5.300000e-01        4.669610e-02
        5.400000e-01        4.685399e-02
        5.500000e-01        4.700598e-02
        5.599999e-01        4.715269e-02
        5.700000e-01        4.729437e-02
        5.800000e-01        4.743126e-02
        5.900000e-01        4.756359e-02
        6.000000e-01        4.769159e-02
        6.100000e-01        4.781546e-02
        6.199999e-01        4.793538e-02
        6.300000e-01        4.804340e-02
        6.400000e-01        4.816430e-02
        6.500000e-01        4.826650e-02
        6.600000e-01        4.837081e-02
        6.700000e-01        4.847376e-02
        6.799999e-01        4.857421e-02
        6.900000e-01        4.867195e-02
        7.000000e-01        4.876697e-02
        7.100000e-01        4.885936e-02
        7.200000e-01        4.894923e-02
        7.300000e-01        4.903157e-02
        7.399999e-01        4.912052e-02
        7.500000e-01        4.919957e-02
        7.600000e-01        4.928438e-02
        7.700000e-01        4.935961e-02
        7.800000e-01        4.944252e-02
        7.900000e-01        4.951176e-02
        8.000000e-01        4.958399e-02
        8.099999e-01        4.965534e-02
        8.200000e-01        4.972534e-02
        8.300000e-01        4.979386e-02
        8.400000e-01        4.986089e-02
        8.500000e-01        4.992648e-02
        8.600000e-01        4.999067e-02
        8.699999e-01        5.005350e-02
        8.800000e-01        5.011502e-02
        8.900000e-01        5.017530e-02
        9.000000e-01        5.023437e-02
        9.100000e-01        5.029227e-02
        9.200000e-01        5.034905e-02
        9.299999e-01        5.040476e-02
        9.400000e-01        5.045942e-02
        9.500000e-01        5.051307e-02
        9.600000e-01        5.056576e-02
        9.700000e-01        5.061752e-02
        9.800000e-01        5.066837e-02
        9.899999e-01        5.071834e-02
        1.000000e+00        5.076882e-02
