        0.000000e+00        0.000000e+00
        1.000000e-02       -2.348399e-03
        2.000000e-02       -4.675337e-03
        3.000000e-02       -6.956896e-03
        4.000000e-02       -9.053366e-03
        5.000000e-02       -1.104787e-02
        6.000000e-02       -1.316439e-02
        6.999999e-02       -1.514090e-02
        8.000000e-02       -1.664867e-02
        9.000000e-02       -1.900209e-02
        9.999999e-02       -2.020767e-02
        1.100000e-01       -2.225132e-02
        1.200000e-01       -2.374465e-02
        1.300000e-01       -2.510415e-02
        1.400000e-01       -2.640331e-02
        1.500000e-01       -2.753678e-02
        1.600000e-01       -2.853502e-02
        1.700000e-01       -2.966309e-02
        1.800000e-01       -3.064471e-02
        1.900000e-01       -3.145454e-02
        2.000000e-01       -3.238121e-02
        2.100000e-01       -3.327208e-02
        2.200000e-01       -3.399803e-02
        2.300000e-01       -3.468693e-02
        2.400000e-01       -3.529209e-02
        2.500000e-01       -3.587944e-02
        2.600000e-01       -3.644042e-02
        2.700000e-01       -3.696368e-02
        2.800000e-01       -3.744629e-02
        2.900000e-01       -3.790569e-02
        3.000000e-01       -3.831613e-02
        3.100000e-01       -3.871663e-02
        3.200000e-01       -3.909418e-02
        3.300000e-01       -3.945931e-02
        3.400000e-01       -3.979238e-02
        3.500000e-01       -4.009361e-02
        3.600000e-01       -4.038780e-02
        3.700000e-01       -4.067074e-02
        3.800000e-01       -4.091794e-02
        3.900000e-01       -4.118029e-02
        4.000000e-01       -4.140268e-02
        4.100000e-01       -4.162913e-02
        4.200000e-01       -4.183940e-02
        4.300000e-01       -4.203925e-02
        4.400000e-01       -4.222833e-02
        4.500000e-01       -4.240088e-02
        4.600000e-01       -4.257541e-02
        4.700000e-01       -4.274422e-02
        4.800000e-01       -4.290029e-02
        4.900000e-01       -4.304191e-02
        5.000000e-01       -4.317801e-02
        5.100000e-01       -4.330046e-02
        5.200000e-01       -4.343182e-02
        5.300000e-01       -4.354376e-02
        5.400000e-01       -4.365597e-02
        5.500000e-01       -4.376254e-02
        5.599999e-01       -4.386411e-02
        5.700000e-01       -4.396091e-02
        5.800000e-01       -4.405317e-02
        5.900000e-01       -4.414113e-02
        6.000000e-01       -4.422502e-02
        6.100000e-01       -4.430504e-02
        6.199999e-01       -4.438137e-02
        6.300000e-01       -4.445020e-02
        6.400000e-01       -4.452358e-02
        6.500000e-01       -4.458693e-02
        6.600000e-01       -4.464950e-02
        6.700000e-01       -4.471013e-02
        6.799999e-01       -4.476817e-02
        6.900000e-01       -4.482362e-02
        7.000000e-01       -4.487653e-02
        7.100000e-01       -4.492701e-02
        7.200000e-01       -4.497517e-02
        7.300000e-01       -4.502062e-02
        7.399999e-01       -4.506474e-02
        7.500000e-01       -4.510652e-02
        7.600000e-01       -4.514656e-02
        7.700000e-01       -4.518478e-02
        7.800000e-01       -4.522485e-02
        7.900000e-01       -4.525634e-02
        8.000000e-01       -4.528926e-02
        8.099999e-01       -4.532085e-02
        8.200000e-01       -4.535099e-02
        8.300000e-01       -4.537971e-02
        8.400000e-01       -4.540705e-02
        8.500000e-01       -4.543307e-02
        8.600000e-01       -4.545784e-02
        8.699999e-01       -4.548139e-02
        8.800000e-01       -4.550378e-02
        8.900000e-01       -4.552506e-02
        9.000000e-01       -4.554525e-02
        9.100000e-01       -4.556441e-02
        9.200000e-01       -4.558258e-02
        9.299999e-01       -4.559979e-02
        9.400000e-01       -4.561607e-02
        9.500000e-01       -4.563147e-02
        9.600000e-01       -4.564600e-02
        9.700000e-01       -4.565971e-02
        9.800000e-01       -4.567263e-02
        9.899999e-01       -4.568477e-02
        1.000000e+00       -4.570054e-02
