        0.000000e+00        0.000000e+00
        1.000000e-02       -2.308350e-15
        2.000000e-02       -4.577734e-16
        3.000000e-02       -2.266887e-15
        4.000000e-02       -4.753503e-15
        5.000000e-02       -4.329800e-15
        6.000000e-02       -1.771093e-16
        6.999999e-02       -2.810929e-15
        8.000000e-02        4.970301e-15
        9.000000e-02       -2.464297e-14
        9.999999e-02       -8.922456e-15
        1.100000e-01       -7.596629e-15
        1.200000e-01       -1.147169e-14
        1.300000e-01       -1.330760e-14
        1.400000e-01       -1.674912e-15
        1.500000e-01       -9.066437e-15
        1.600000e-01       -1.099371e-14
        1.700000e-01       -4.975578e-15
        1.800000e-01       -1.206655e-14
        1.900000e-01       -3.503728e-14
        2.000000e-01       -8.902390e-15
        2.100000e-01        1.366087e-13
        2.200000e-01        1.050868e-13
        2.300000e-01       -2.069899e-14
        2.400000e-01        5.510292e-14
        2.500000e-01       -8.231315e-14
        2.600000e-01       -1.286289e-14
        2.700000e-01       -2.132430e-14
        2.800000e-01       -8.026084e-14
        2.900000e-01       -3.669032e-14
        3.000000e-01        1.522603e-13
        3.100000e-01        9.384073e-14
        3.200000e-01       -4.098925e-14
        3.300000e-01       -3.827332e-14
        3.400000e-01        5.034535e-15
        3.500000e-01       -7.973104e-15
        3.600000e-01       -2.976266e-14
        3.700000e-01       -2.481905e-14
        3.800000e-01       -1.200467e-14
        3.900000e-01       -2.384188e-14
        4.000000e-01       -9.368019e-15
        4.100000e-01       -2.197524e-14
        4.200000e-01       -3.732888e-14
        4.300000e-01       -2.986235e-14
        4.400000e-01       -6.288842e-14
        4.500000e-01       -4.651165e-14
        4.600000e-01       -5.888500e-14
        4.700000e-01       -8.641073e-15
        4.800000e-01       -1.166663e-13
        4.900000e-01       -3.864702e-14
        5.000000e-01       -7.177599e-14
        5.100000e-01       -3.094512e-14
        5.200000e-01       -5.749270e-14
        5.300000e-01       -9.439887e-14
        5.400000e-01       -7.161747e-14
        5.500000e-01       -4.255153e-14
        5.599999e-01       -8.389556e-14
        5.700000e-01        9.964658e-14
        5.800000e-01       -1.621354e-14
        5.900000e-01       -4.709671e-14
        6.000000e-01        4.979017e-14
        6.100000e-01       -1.830325e-13
        6.199999e-01       -7.003129e-14
        6.300000e-01        1.768917e-14
        6.400000e-01       -6.887950e-14
        6.500000e-01       -1.249637e-13
        6.600000e-01        5.899447e-14
        6.700000e-01       -8.321729e-14
        6.799999e-01        6.446767e-15
        6.900000e-01       -7.380457e-15
        7.000000e-01       -7.981676e-14
        7.100000e-01       -6.246312e-14
        7.200000e-01       -1.289368e-13
        7.300000e-01        2.136712e-14
        7.399999e-01       -9.038191e-15
        7.500000e-01        2.579684e-14
        7.600000e-01       -7.778069e-14
        7.700000e-01       -1.037236e-13
        7.800000e-01       -1.061538e-13
        7.900000e-01       -2.961800e-14
        8.000000e-01       -9.321520e-14
        8.099999e-01       -8.981330e-14
        8.200000e-01       -4.858811e-14
        8.300000e-01       -8.174218e-14
        8.400000e-01       -8.023259e-14
        8.500000e-01        5.030358e-14
        8.600000e-01       -5.545999e-14
        8.699999e-01        8.649505e-14
        8.800000e-01       -4.373612e-14
        8.900000e-01       -4.558497e-14
        9.000000e-01       -7.847077e-14
        9.100000e-01       -3.826839e-14
        9.200000e-01       -6.427708e-14
        9.299999e-01        1.856770e-13
        9.400000e-01       -6.713212e-14
        9.500000e-01        7.202723e-15
        9.600000e-01        2.319715e-14
        9.700000e-01       -7.551806e-14
        9.800000e-01       -4.895973e-14
        9.899999e-01       -5.899402e-14
        1.000000e+00       -6.328323e-14
