        0.000000e+00        0.000000e+00
        1.000000e-02       -2.142787e-05
        2.000000e-02       -3.959239e-05
        3.000000e-02       -5.441904e-05
        4.000000e-02       -6.584823e-05
        5.000000e-02       -7.418543e-05
        6.000000e-02       -8.108467e-05
        6.999999e-02       -8.297712e-05
        8.000000e-02       -8.191913e-05
        9.000000e-02       -7.329136e-05
        9.999999e-02       -7.539243e-05
        1.100000e-01       -7.016957e-05
        1.200000e-01       -5.123764e-05
        1.300000e-01       -5.352497e-05
        1.400000e-01       -4.436821e-05
        1.500000e-01       -3.398955e-05
        1.600000e-01       -2.411753e-05
        1.700000e-01       -1.154095e-05
        1.800000e-01        3.352761e-07
        1.900000e-01        1.146644e-05
        2.000000e-01        2.468377e-05
        2.100000e-01        3.901869e-05
        2.200000e-01        5.144626e-05
        2.300000e-01        6.345659e-05
        2.400000e-01        7.452816e-05
        2.500000e-01        8.650869e-05
        2.600000e-01        9.870529e-05
        2.700000e-01        1.106113e-04
        2.800000e-01        1.234412e-04
        2.900000e-01        1.345798e-04
        3.000000e-01        1.442879e-04
        3.100000e-01        1.554266e-04
        3.200000e-01        1.659542e-04
        3.300000e-01        1.764745e-04
        3.400000e-01        1.870319e-04
        3.500000e-01        1.971275e-04
        3.600000e-01        2.067834e-04
        3.700000e-01        2.172217e-04
        3.800000e-01        2.253503e-04
        3.900000e-01        2.356544e-04
        4.000000e-01        2.432987e-04
        4.100000e-01        2.518520e-04
        4.200000e-01        2.600327e-04
        4.300000e-01        2.684295e-04
        4.400000e-01        2.766103e-04
        4.500000e-01        2.844259e-04
        4.600000e-01        2.915710e-04
        4.700000e-01        2.997294e-04
        4.800000e-01        3.068522e-04
        4.900000e-01        3.141239e-04
        5.000000e-01        3.210902e-04
        5.100000e-01        3.286302e-04
        5.200000e-01        3.344342e-04
        5.300000e-01        3.405958e-04
        5.400000e-01        3.468692e-04
        5.500000e-01        3.529936e-04
        5.599999e-01        3.589988e-04
        5.700000e-01        3.648549e-04
        5.800000e-01        3.705770e-04
        5.900000e-01        3.761575e-04
        6.000000e-01        3.816187e-04
        6.100000e-01        3.869757e-04
        6.199999e-01        3.922507e-04
        6.300000e-01        3.962293e-04
        6.400000e-01        4.019886e-04
        6.500000e-01        4.060268e-04
        6.600000e-01        4.104972e-04
        6.700000e-01        4.150420e-04
        6.799999e-01        4.195645e-04
        6.900000e-01        4.239976e-04
        7.000000e-01        4.283339e-04
        7.100000e-01        4.325658e-04
        7.200000e-01        4.367009e-04
        7.300000e-01        4.396364e-04
        7.399999e-01        4.444495e-04
        7.500000e-01        4.473925e-04
        7.600000e-01        4.520640e-04
        7.700000e-01        4.548952e-04
        7.800000e-01        4.587770e-04
        7.900000e-01        4.619583e-04
        8.000000e-01        4.652292e-04
        8.099999e-01        4.685447e-04
        8.200000e-01        4.718378e-04
        8.300000e-01        4.750714e-04
        8.400000e-01        4.782528e-04
        8.500000e-01        4.813597e-04
        8.600000e-01        4.844069e-04
        8.699999e-01        4.873797e-04
        8.800000e-01        4.902929e-04
        8.900000e-01        4.931390e-04
        9.000000e-01        4.959330e-04
        9.100000e-01        4.986599e-04
        9.200000e-01        5.013272e-04
        9.299999e-01        5.039424e-04
        9.400000e-01        5.065054e-04
        9.500000e-01        5.090088e-04
        9.600000e-01        5.114675e-04
        9.700000e-01        5.138740e-04
        9.800000e-01        5.162284e-04
        9.899999e-01        5.185381e-04
        1.000000e+00        5.202219e-04
